158420
2216575127
196662712
110094603
1535644786
1738896824
1923977665
1739778335
197348343
196455453
1800551300
144696042
460426
1584082622
3337964278
1719838799
162603631
1717258217
207115017
78881259
1825599228
1716698576
3367743577
2925684416
48733
2317184997
2273540971
187164907
2135586405
9093919799
1950371695
764329782
935542943
1898347763
2368073664
66479915
13166645232
2759140076
729263819
1488872547
7019765
178972511
1754090778
182119106
178289284
174390302
1856276235
763154631
3256282394
1647876792
593460232
1914574285
194080120
1799995398
1579711875
72656640
9498330
189867892
9562942464
158970132
1987221426
172724330
1308844757
1018753425
197512443
1686447185
3048683459
1995111
1968232879
192796139
147380699
193153911
1947662220
1028934583
100001
151749179
1847441784
184667690
195041251
95260
83524
806470208
2645596287
863987
1919752103
179909473
1837896248
1973592472
916364
172200165
1923780904
1470721906
199746980
169972484
20301
12391
198418830
196997860
144906375
175799157
1778753335
1181957847
143545905
1945518446
1976678711
1849939181
1754705219
194991237
1213958624
1953649461
1482829233
83940
3099028904
1856149344
185512334
1850109041
466125745
193297190
1483071011
196020356
1780389430
1834779777
178673350
1488872713
535255082
1902479598
183053152
891380
1912216703
247309671
1731003198
13251
197150187
78278216
21161496
4934137587
1535644875
144476705
1893451970
189775704
1849935760
1743599077
919404
2775150134
96662
194513047
1942251445
1828421449
127638011
770323135
194521534
158468035
103637028
194210007
158420
2216575127
196662712
110094603
1535644786
1738896824
1923977665
1739778335
197348343
196455453
1800551300
144696042
460426
1584082622
3337964278
1719838799
162603631
1717258217
207115017
78881259
1825599228
1716698576
3367743577
2925684416
48733
2317184997
2273540971
187164907
2135586405
9093919799
1950371695
764329782
935542943
1898347763
2368073664
66479915
13166645232
2759140076
729263819
1488872547
7019765
178972511
1754090778
182119106
178289284
174390302
1856276235
763154631
3256282394
1647876792
593460232
1914574285
194080120
1799995398
1579711875
72656640
9498330
189867892
9562942464
158970132
1987221426
172724330
1308844757
1018753425
197512443
1686447185
3048683459
1995111
1968232879
192796139
147380699
193153911
1947662220
1028934583
100001
151749179
1847441784
184667690
195041251
95260
83524
806470208
2645596287
863987
1919752103
179909473
1837896248
1973592472
916364
172200165
1923780904
1470721906
199746980
169972484
20301
12391
198418830
196997860
144906375
175799157
1778753335
1181957847
143545905
1945518446
1976678711
1849939181
1754705219
194991237
1213958624
1953649461
1482829233
83940
3099028904
1856149344
185512334
1850109041
466125745
193297190
1483071011
196020356
1780389430
1834779777
178673350
1488872713
535255082
1902479598
183053152
891380
1912216703
247309671
1731003198
13251
197150187
78278216
21161496
4934137587
1535644875
144476705
1893451970
189775704
1849935760
1743599077
919404
2775150134
96662
194513047
1942251445
1828421449
127638011
770323135
194521534
158468035
103637028
194210007
158420
2216575127
196662712
110094603
1535644786
1738896824
1923977665
1739778335
197348343
196455453
1800551300
144696042
460426
1584082622
3337964278
1719838799
162603631
1717258217
207115017
78881259
1825599228
1716698576
3367743577
2925684416
48733
2317184997
2273540971
187164907
2135586405
9093919799
1950371695
764329782
935542943
1898347763
2368073664
66479915
13166645232
2759140076
729263819
1488872547
7019765
178972511
1754090778
182119106
178289284
174390302
1856276235
763154631
3256282394
1647876792
593460232
1914574285
194080120
1799995398
1579711875
72656640
9498330
189867892
9562942464
158970132
1987221426
172724330
1308844757
1018753425
197512443
1686447185
3048683459
1995111
1968232879
192796139
147380699
193153911
1947662220
1028934583
100001
151749179
1847441784
184667690
195041251
95260
83524
806470208
2645596287
863987
1919752103
179909473
1837896248
1973592472
916364
172200165
1923780904
1470721906
199746980
169972484
20301
12391
198418830
196997860
144906375
175799157
1778753335
1181957847
143545905
1945518446
1976678711
1849939181
1754705219
194991237
1213958624
1953649461
1482829233
83940
3099028904
1856149344
185512334
1850109041
466125745
193297190
1483071011
196020356
1780389430
1834779777
178673350
1488872713
535255082
1902479598
183053152
891380
1912216703
247309671
1731003198
13251
197150187
78278216
21161496
4934137587
1535644875
144476705
1893451970
189775704
1849935760
1743599077
919404
2775150134
96662
194513047
1942251445
1828421449
127638011
770323135
194521534
158468035
103637028
194210007
158420
2216575127
196662712
110094603
1535644786
1738896824
1923977665
1739778335
197348343
196455453
1800551300
144696042
460426
1584082622
3337964278
1719838799
162603631
1717258217
207115017
78881259
1825599228
1716698576
3367743577
2925684416
48733
2317184997
2273540971
187164907
2135586405
9093919799
1950371695
764329782
935542943
1898347763
2368073664
66479915
13166645232
2759140076
729263819
1488872547
7019765
178972511
1754090778
182119106
178289284
174390302
1856276235
763154631
3256282394
1647876792
593460232
1914574285
194080120
1799995398
1579711875
72656640
9498330
189867892
9562942464
158970132
1987221426
172724330
1308844757
1018753425
197512443
1686447185
3048683459
1995111
1968232879
192796139
147380699
193153911
1947662220
1028934583
100001
151749179
1847441784
184667690
195041251
95260
83524
806470208
2645596287
863987
1919752103
179909473
1837896248
1973592472
916364
172200165
1923780904
1470721906
199746980
169972484
20301
12391
198418830
196997860
144906375
175799157
1778753335
1181957847
143545905
1945518446
1976678711
1849939181
1754705219
194991237
1213958624
1953649461
1482829233
83940
3099028904
1856149344
185512334
1850109041
466125745
193297190
1483071011
196020356
1780389430
1834779777
178673350
1488872713
535255082
1902479598
183053152
891380
1912216703
247309671
1731003198
13251
197150187
78278216
21161496
4934137587
1535644875
144476705
1893451970
189775704
1849935760
1743599077
919404
2775150134
96662
194513047
1942251445
1828421449
127638011
770323135
194521534
158468035
103637028
194210007
456789
56789
158420
2216575127
196662712
110094603
1535644786
1738896824
1923977665
1739778335
197348343
196455453
1800551300
144696042
460426
1584082622
3337964278
1719838799
162603631
1717258217
207115017
78881259
1825599228
1716698576
3367743577
2925684416
48733
2317184997
2273540971
187164907
2135586405
9093919799
1950371695
764329782
935542943
1898347763
2368073664
66479915
13166645232
2759140076
729263819
1488872547
7019765
178972511
1754090778
182119106
178289284
174390302
1856276235
763154631
3256282394
1647876792
593460232
1914574285
194080120
1799995398
1579711875
72656640
9498330
189867892
9562942464
158970132
1987221426
172724330
1308844757
1018753425
197512443
1686447185
3048683459
1995111
1968232879
192796139
147380699
193153911
1947662220
1028934583
100001
151749179
1847441784
184667690
195041251
95260
83524
806470208
2645596287
863987
1919752103
179909473
1837896248
1973592472
916364
172200165
1923780904
1470721906
199746980
169972484
20301
12391
198418830
196997860
144906375
175799157
1778753335
1181957847
143545905
1945518446
1976678711
1849939181
1754705219
194991237
1213958624
1953649461
1482829233
83940
3099028904
1856149344
185512334
1850109041
466125745
193297190
1483071011
196020356
1780389430
1834779777
178673350
1488872713
535255082
1902479598
183053152
891380
1912216703
247309671
1731003198
13251
197150187
78278216
21161496
4934137587
1535644875
144476705
1893451970
189775704
1849935760
1743599077
919404
2775150134
96662
194513047
1942251445
1828421449
127638011
770323135
194521534
158468035
103637028
194210007
01325
80089
84763
74089
39754
34000
35273
129436
91319
79098
437102
664380
00590944957
534532
054436
60623
2886973
33481
525190987
6823410
64414
89968
100001
82304
158420
2216575127
196662712
110094603
1535644786
1738896824
1923977665
1739778335
197348343
196455453
1800551300
144696042
460426
1584082622
3337964278
1719838799
162603631
1717258217
207115017
78881259
1825599228
1716698576
3367743577
2925684416
48733
2317184997
2273540971
187164907
2135586405
9093919799
1950371695
764329782
935542943
1898347763
2368073664
66479915
13166645232
2759140076
729263819
1488872547
7019765
178972511
1754090778
182119106
178289284
174390302
1856276235
763154631
3256282394
1647876792
593460232
1914574285
194080120
1799995398
1579711875
72656640
9498330
189867892
9562942464
158970132
1987221426
172724330
1308844757
1018753425
197512443
1686447185
3048683459
1995111
1968232879
192796139
147380699
193153911
1947662220
1028934583
100001
151749179
1847441784
184667690
195041251
95260
83524
806470208
2645596287
863987
1919752103
179909473
1837896248
1973592472
916364
172200165
1923780904
1470721906
199746980
169972484
20301
12391
198418830
196997860
144906375
175799157
1778753335
1181957847
143545905
1945518446
1976678711
1849939181
1754705219
194991237
1213958624
1953649461
1482829233
83940
3099028904
1856149344
185512334
1850109041
466125745
193297190
1483071011
196020356
1780389430
1834779777
178673350
1488872713
535255082
1902479598
183053152
891380
1912216703
247309671
1731003198
13251
197150187
78278216
21161496
4934137587
1535644875
144476705
1893451970
189775704
1849935760
1743599077
919404
2775150134
96662
194513047
1942251445
1828421449
127638011
770323135
194521534
158468035
103637028
194210007
